row_names	input	filtered	denoisedF	denoisedR	merged	nosingletons	nochimeras	percent_singletons	percent_chimeras	percent_retained_of_total
ED17_28_02	36392	26466	26450	26412	19866	19758	14069	0.54364240410753	28.7934001417148	38.6595955154979
ED18_01_01	46234	35078	34985	35041	34518	34478	34408	0.115881569036446	0.203028017866473	74.4214214647229
ED18_10_01	37753	23538	23409	23435	20370	20330	18092	0.196367206676484	11.0083620265617	47.9220194421635
ED18_13_01	43312	32547	32529	32527	32160	32044	31952	0.360696517412933	0.287105230308327	73.7717029922423
ED18_13_03	35889	26278	26258	26233	25555	25289	23443	1.04089219330855	7.2996164340227	65.320850399844
ED19_10_09	35916	27199	27117	27158	26563	26508	23986	0.207054926024924	9.51410894824204	66.7836061922263
ED19_10_10	34584	24683	24610	24612	23630	23615	20472	0.0634786288616169	13.3093372856235	59.1950034698126
ED19_10_11	38380	19709	19581	19596	15209	15157	11849	0.341902820698266	21.8248993864221	30.872850442939
ED19_10_12	46486	35126	35020	35009	33108	32588	26333	1.57061737344448	19.1941819074506	56.6471625865852
ED19_19A_01	41490	29912	29348	29834	20620	20519	15988	0.489815712900096	22.0819728056923	38.5345866473849
ED19_27B_03	35005	27545	27448	27524	27078	27070	27030	0.0295442794888743	0.147765053564825	77.2175403513784
ED19_35_01	35948	28021	27937	27984	27509	27474	27466	0.127231088007562	0.029118439251647	76.4048069433626
ED2_28_03	45120	28992	28683	28843	17002	16797	12143	1.20574050111752	27.707328689647	26.9126773049645
ED20_10_10	43344	31507	31491	31042	30411	30406	27262	0.0164414192233124	10.3400644609617	62.8968253968254
ED20_10_14	39553	31281	31267	31267	30899	30891	30546	0.0258908055276805	1.11683014470233	77.2280231587996
ED20_16A_02	36380	25099	25068	25064	24088	24055	20658	0.136997675190969	14.1218041987113	56.7839472237493
ED21_06_01	40816	25712	25028	25537	22026	21977	21575	0.222464360301473	1.82918505710515	52.859172873383
ED21_10_01	43707	33636	33596	33585	33035	33035	29930	0	9.39912214318147	68.4787333836685
ED21_15A_01	47694	32957	32939	32928	31063	30984	29817	0.254321862022351	3.76646010844307	62.5172977733048
ED21_15A_02	41985	29164	29105	29109	27842	27781	26208	0.21909345592988	5.6621431913898	62.422293676313
ED21_15A_03	45976	33516	33498	33437	32595	32486	31147	0.33440711765607	4.12177553407622	67.7462154167392
ED21_33_01	41029	32366	32332	32338	32053	31974	31912	0.246466789380079	0.193907549884273	77.7791318335811
ED22_05_01	42204	25385	25246	25271	22229	22156	21628	0.328399838049393	2.38310164289582	51.2463273623353
ED22_25A_01	45245	31481	31451	31418	30336	30199	29011	0.451608649789023	3.93390509619523	64.1197922422367
ED22_35_01	47238	32933	32903	32898	29670	29530	29231	0.471857094708454	1.01252963088385	61.8802658876328
ED23_15A_01	42329	28389	28353	28325	26352	26285	25522	0.25425015179114	2.90279627163783	60.294360840086
ED24_04_01	37132	26445	26013	26251	23930	23371	17779	2.33597994149602	23.9270891275512	47.8805343100291
ED24_05_01	42429	32306	32256	31739	31171	31022	24047	0.47800840524846	22.4840435819741	56.6758584930119
ED25_15A_02	35475	25840	25800	25804	25610	25602	24800	0.0312377977352583	3.13256776814312	69.9083861874559
ED27_19B_06	29102	9242	9168	9182	8046	7780	4958	3.3059905543127	36.2724935732648	17.0366297848945
ED3_21A_01	37413	28434	28295	28299	22007	21952	17276	0.249920479847319	21.3010204081633	46.1764627268596
ED4_10_02	31263	24428	24410	24410	24169	24138	22864	0.128263478009018	5.27798492004308	73.1343760995426
ED4_10_04	32915	23945	23903	23913	23460	23425	19713	0.149190110826936	15.846318036286	59.8906273735379
ED5_14_02	32091	23797	23746	23741	22817	22702	20254	0.504010167857288	10.78319090829	63.1142687981054
ED5_25A_02	37236	26002	25443	25957	23464	23453	20612	0.0468803273099212	12.1135888798874	55.3550327639918
ED6_06_03	40597	32371	32262	32344	31563	31375	30654	0.59563412856825	2.29800796812749	75.5080424661921
ED6_13_07	39411	31288	31263	31226	30392	30346	30130	0.151355619899974	0.711790680814602	76.4507371038543
ED6_13_12	34914	28859	28782	28412	27673	27561	27076	0.404726628844003	1.75973295598854	77.5505527868477
ED6_13_13	35667	29271	29208	29177	28729	28671	26913	0.201886595426231	6.13163126504132	75.4563041466902
ED8_06_02	38621	19181	19092	19110	17201	17065	16690	0.790651706296146	2.197480222678	43.2148313093913
ED8_15_01	33753	26042	26032	26026	25749	25734	25728	0.0582546895025047	0.0233154581487582	76.224335614612
ED8_25A_02	42072	28663	28413	28555	18948	18790	17334	0.833861093519104	7.74880255455029	41.2007986309184
ED9_19A_01	32612	25373	25339	25348	23509	23457	21879	0.221191883959335	6.72720296713135	67.0888016680976
HR1_03_01	41595	29895	29816	29805	21234	21112	20971	0.57455024959971	0.667866616142476	50.4171174420002
HR1_16_04	39299	26046	25982	25974	23738	23480	21477	1.08686494228662	8.53066439522998	54.650245553322
HR1_22_01	33389	24891	24860	24869	11272	11268	10885	0.0354861603974399	3.39900603478878	32.6005570696936
HR17_09_01	46617	30715	30686	30682	29530	29471	26292	0.199796816796479	10.7868752332802	56.4000257416822
HR17_09_02	37213	24772	24767	23945	22313	22276	21224	0.165822614619287	4.72257137726702	57.0338322629189
HR17_24_01	33485	24918	24719	24711	22310	22028	17792	1.26400717167189	19.2300708189577	53.1342392115873
HR17_28_01	36234	22197	21784	21931	13641	13248	11024	2.88102045304596	16.7874396135266	30.4244632113485
HR17_32_02	39077	34112	33923	33664	31341	31227	14535	0.363740786828757	53.4537419540782	37.1957929216675
HR17_32_03	51987	44142	43929	43809	40340	39871	16341	1.16261774913238	59.0153244212586	31.4328582145536
HR18_05A_02	33996	22633	22447	22498	21448	21169	17592	1.30082058933235	16.8973498984364	51.7472643840452
HR18_07_01	39802	28206	28073	28133	27270	27131	24847	0.509717638430502	8.41841435995725	62.4265112305914
HR18_09_01	37304	25398	25339	25347	24914	24856	22989	0.232800834871966	7.51126488574188	61.6260990778469
HR18_09_02	35185	21894	21860	21850	17131	17076	16164	0.321055396649356	5.34082923401265	45.9400312633224
HR18_11_14	35323	22916	22819	22839	6975	6944	6493	0.444444444444443	6.49481566820278	18.3817909011126
HR18_18_01	36945	27838	27754	27722	26396	26097	24945	1.13274738596758	4.41430049430969	67.5192854242793
HR18_18_02	44141	35514	35360	35388	31644	31407	29785	0.748957148274556	5.16445378418824	67.476948868399
HR18_24_03	43493	31810	31536	31558	29824	29555	28837	0.901958154506431	2.42936897310099	66.3026234106638
HR18_27_01	40873	30065	30019	29991	24909	24789	23506	0.481753583042277	5.17568276251563	57.5098475766398
HR18_27_02	36923	26431	26295	26148	18909	18824	14730	0.449521391929764	21.748831279218	39.8938331121523
HR18_32_02	36992	31317	31245	30989	28669	28467	9450	0.704593812131577	66.803667404363	25.5460640138408
HR18_32_20	37517	31279	31215	31066	28664	28563	14230	0.352358358917101	50.1803031894409	37.9294719727057
HR19_04_09	40475	32069	32036	32048	31656	31644	31258	0.0379075056861353	1.21982050309695	77.2279184681902
HR19_04_12	45599	36067	36054	36044	35581	35501	35451	0.2248390995194	0.14084110306753	77.745125989605
HR19_05A_01	38588	20669	20616	20629	20285	20264	20181	0.10352477199902	0.409593367548368	52.2986420648906
HR19_07_01	36525	23862	23789	23790	22431	22406	21904	0.111452900004466	2.24047130232974	59.9698836413415
HR19_07_02	42905	24204	24151	24151	18857	18833	17273	0.127273691467352	8.28333244836192	40.2587111059317
HR19_07_03	38451	18530	18457	18470	14701	14669	14431	0.217672267192697	1.62246915263481	37.5308834620686
HR19_07_12	50389	40037	39954	39726	39181	39154	38989	0.0689109517368109	0.421412882464111	77.3760146063625
HR19_07_13	38792	31454	31443	31436	31020	31020	30937	0	0.267569310122511	79.7509795834193
HR19_07_15	36571	27326	27314	27304	3616	3616	3610	0	0.165929203539832	9.87120942823549
HR19_08_01	38951	28937	28865	28908	27876	27845	27698	0.111206772851205	0.527922427724903	71.109855972889
HR19_18_02	49760	47201	47192	47161	43793	43787	21269	0.0137008197657167	51.4262223947747	42.7431672025723
HR19_22_01	39029	30730	30723	30677	30356	30356	30344	0	0.0395308999868291	77.7473160982859
HR19_23_01	33088	25614	25495	25489	24576	24450	23829	0.5126953125	2.5398773006135	72.0170454545455
HR19_24_05	36179	22147	22045	22005	20671	20627	19826	0.212858594165738	3.8832598051098	54.7997457088366
HR19_24_06	31891	21078	20869	20843	19434	19317	18775	0.60203766594627	2.80581870890924	58.8724091436455
HR19_24_08	41659	26303	26194	26012	23699	23574	22755	0.527448415544967	3.47416645456859	54.6220504572841
HR19_25_02	34615	18951	18943	18928	18733	18716	18716	0.0907489457107715	0	54.0690452116135
HR19_27_07	30882	25076	25054	25035	24833	24799	24799	0.136914589457575	0	80.302441551713
HR19_27_08	3236	2524	2521	2518	2500	2500	2500	0	0	77.2558714462299
HR19_27_09	36036	26147	26133	26043	25892	25892	25886	0	0.0231731809053031	71.8337218337218
HR19_32_01	34961	29645	29495	29463	27836	27807	13047	0.10418163529242	53.080159672025	37.3187265810474
HR19_32_02	40224	33516	33398	33434	31280	31152	15202	0.409207161125323	51.2005649717514	37.7933571996818
HR19_32_04	39831	34523	34467	34380	32011	31815	15931	0.612289525475617	49.9261354706899	39.9964851497577
HR19_32_16	48523	38838	38758	38702	37556	37367	31305	0.503248482266486	16.222870447186	64.5157966325248
HR19_32_18	50302	41080	40978	40937	38816	38721	27719	0.244744435284417	28.4135223780378	55.1051648045803
HR19_32_19	34652	29910	29791	29779	28554	28487	15232	0.234643132310708	46.5299961385895	43.9570587556274
HR19_34_08	41456	33653	33626	33620	33260	33233	33117	0.0811785929043793	0.349050642433724	79.8846970281744
HR19_35_01	32464	26069	26031	26016	25408	25385	24782	0.0905226700251802	2.37541855426433	76.3368654509611
HR20_31_02	45689	35137	35115	35040	34565	34439	23651	0.364530594532042	31.32495136328	51.7651951235527
HR20_33_02	29106	17587	17555	17571	16915	16903	16531	0.0709429500443406	2.20079275868189	56.7958496529925
HR20_33_12	41478	31527	31428	31023	30280	30235	29598	0.148612945838835	2.10682983297504	71.3583104296253
HR20_36_03	32809	25312	25278	24815	24448	24422	24285	0.106348167539267	0.560969617557944	74.0193239659849
HR21_07A_01	52668	43166	43118	43126	41083	40821	29471	0.637733369033427	27.8043164057715	55.9561783245994
HR21_12_04	56824	44063	43995	43943	42915	42829	41791	0.20039613188861	2.42359149174625	73.5446290299873
HR21_12_06	42081	32966	32896	32914	32304	32177	31753	0.393140168400194	1.31771140877024	75.4568570138542
HR21_19A_01	45846	35837	35739	35737	33705	33399	28715	0.907877169559413	14.0243719871852	62.6335994416089
HR22_07_02	50945	41405	41166	41275	38520	38042	35117	1.24091381100727	7.68887019609905	68.9312003140642
HR22_07_03	42114	31290	31229	30815	28297	28131	27197	0.586634625578682	3.32018058369769	64.5794747589875
HR22_07_05	45393	35777	35679	35656	34181	34107	30135	0.216494543752376	11.6457032280763	66.3868878461437
HR22_09_01	35500	20301	20246	20257	19827	19827	19738	0	0.448882836536029	55.6
HR22_21_02	37936	27817	27699	27701	25705	25599	24735	0.412371134020617	3.37513184108754	65.2019190215099
HR22_24_01	35744	26895	26883	26870	26622	26541	26456	0.304259634888439	0.320259221581708	74.0152193375112
HR22_27_01	35313	28136	28034	28073	25523	25380	24036	0.560278964071628	5.29550827423168	68.065584912072
HR22_33_01	40247	30604	30544	30585	30232	30217	30128	0.0496163006086192	0.294536188238396	74.8577533729222
HR25_27_02	35611	21601	21400	21447	17104	16877	13782	1.32717492984096	18.3385672809149	38.7015248097498
HR3_07_06	40121	30219	30051	29701	25040	24830	19528	0.83865814696486	21.3532017720499	48.6727648862192
HR3_07_11	36215	26262	26087	26166	24297	23996	23033	1.23883607029674	4.01316886147691	63.6007179345575
HR3_19A_10	34709	27587	27494	27442	25542	25391	23276	0.591183149322688	8.329723130243	67.0604166066438
HR3_19A_12	40511	33420	33325	33286	30325	30125	25193	0.659521846661164	16.3717842323651	62.1880476907507
HR3_21_01	42106	29814	29796	29764	23735	23663	21581	0.30334948388456	8.79854625364493	51.253978055384
HR3_23_03	38212	28121	28081	28002	25138	25094	24950	0.175033813350311	0.573842352753644	65.2936250392547
NR1_22_05	34917	25329	25247	24759	20341	20279	14241	0.304803107025222	29.7746437201045	40.7852908325457
NR1_43_01	38986	25755	25700	25721	24964	24946	23883	0.0721038295145036	4.26120420107432	61.2604524701175
NR18_01_03	41457	32644	32617	32616	32221	32112	31798	0.338288693709075	0.977827603388135	76.7011602383192
NR18_02_01	39842	30179	30154	29907	28656	28656	28610	0	0.160524846454493	71.8086441443703
NR18_14B_01	41306	31513	31482	31491	31157	31152	31137	0.0160477581281953	0.0481510015408304	75.3813005374522
NR18_16_04	28188	22089	22083	22072	21879	21879	21864	0	0.0685588920883049	77.5649212430822
NR18_19_01	45609	34861	34814	34843	34133	34111	33219	0.0644537544311987	2.61499223124505	72.834309017957
NR18_27_02	46631	34914	34883	34876	34488	34460	34130	0.0811876594757592	0.957632037144521	73.1916536209818
NR18_27_03	42684	33898	33892	33885	33603	33603	33588	0	0.0446388715293295	78.6899072251898
NR18_27_04	39292	29971	29962	29949	29375	29364	29305	0.0374468085106372	0.200926304318216	74.5826122365876
NR18_28_01	28702	15401	15386	15375	15036	15032	14074	0.0266028198989119	6.37307078233103	49.0349104592014
NR18_28_02	40241	29218	29186	29116	28332	28269	27618	0.222363405336722	2.30287594184442	68.6314952411719
NR18_28_03	37796	29091	29072	29064	28115	28067	26572	0.170727369731466	5.32654006484483	70.303735845063
NR18_28_04	40980	32369	32357	32357	31817	31806	31698	0.0345727127007507	0.339558573853992	77.3499267935578
NR18_29_02	39096	28880	28842	28436	27913	27877	27148	0.128972163508053	2.61505900921907	69.439328831594
NR18_29_03	36892	28016	27984	28005	27395	27359	25523	0.131410841394413	6.71077159252896	69.1830207090968
NR18_29_04	38532	17216	17175	17176	16962	16962	15275	0	9.94576111307629	39.642375168691
NR18_31_02	39743	27163	27145	27143	26562	26530	23936	0.120472855959648	9.77761025254429	60.2269582064766
NR18_32_01	42057	32167	32133	32136	31563	31542	31428	0.0665335994677321	0.361422864751759	74.7271560025679
NR18_43_02	31910	24790	24770	24565	17639	17611	17174	0.158739157548609	2.48140366816195	53.8201190849264
NR18_43_03	42922	31877	31765	31835	27694	27668	26839	0.0938831515851888	2.99624114500506	62.5297050463632
NR18_43_04	37380	28746	28710	28695	28100	28045	26719	0.195729537366546	4.72811552861472	71.4794007490637
NR18_43_05	30335	23196	23190	23191	16990	16984	15981	0.0353148911124208	5.90555817239755	52.6817207845723
NR18_44_01	39855	30058	29934	30050	29760	29760	29760	0	0	74.6706812194204
NR18_44_02	41622	31207	31171	31174	30786	30744	30260	0.136425648021827	1.57429091855322	72.7019364759022
NR19_06_04	35342	27639	27629	27624	27357	27357	27332	0	0.0913842892130106	77.3357478354366
NR19_08_01	36410	29022	29009	28982	28414	28375	28346	0.13725628211445	0.102202643171807	77.852238396045
NR19_08_02	42503	33555	33523	33523	31672	31659	31258	0.0410457186158197	1.26662244543417	73.5430440204221
NR19_08_03	40214	31249	31220	31222	30821	30793	30633	0.0908471496706795	0.519598610073714	76.1749639429055
NR19_08_04	40349	32424	32411	32403	31804	31799	31745	0.0157212929191246	0.16981666090129	78.6760514510893
NR19_08_06	34809	26519	26486	26487	25883	25730	23062	0.591121585596724	10.3692188107268	66.2529805510069
NR19_18_01	41369	30425	30367	30329	28638	28561	24776	0.268873524687478	13.2523371030426	59.8902559887839
NR19_29_02	36226	27136	27124	27130	26858	26858	26855	0	0.0111698562811853	74.1318390106553
NR2_12_01	35755	24410	24379	24383	17123	17103	14855	0.116801962272959	13.1438928842893	41.5466368340092
NR2_43_04	25741	17590	17540	17552	16576	16499	16168	0.464527027027032	2.00618219286017	62.8103026300455
NR20_01_03	37931	29123	29058	28959	28515	28447	28184	0.238470980185866	0.924526312089142	74.3033402757639
NR20_01_10	43273	33403	33376	33324	32831	32808	32774	0.070055740001834	0.103633260180445	75.737757955307
NR20_16_06	38538	29324	29298	28831	21441	21324	18817	0.545683503567929	11.7567060589008	48.8271316622554
NR20_17B_02	40148	28622	28606	28512	28118	28094	28049	0.0853545771391993	0.160176550153054	69.8640031882037
NR20_19_03	37782	20022	20009	20016	19523	19523	19523	0	0	51.672754221587
NR20_24_04	38981	30185	30155	30161	29931	29926	20343	0.0167050883699176	32.0223217269264	52.1869628793515
NR20_25_01	36614	28178	28155	28159	27911	27899	20590	0.0429938017269222	26.1980716154701	56.2353198230185
NR20_30A_03	48862	37422	37373	37334	36722	36684	36193	0.10348020260335	1.33845818340421	74.0718758953788
NR20_44_09	42732	33992	33972	33514	33250	33250	33214	0	0.108270676691717	77.7262941121408
NR20_44_12	40706	31667	31657	31662	31350	31350	31336	0	0.0446570972886775	76.9812804009237
NR20_44_16	42050	32693	32682	32656	32232	32202	32185	0.0930752047654408	0.0527917520650902	76.5398335315101
NR21_07A_01	44361	34478	34466	34468	34150	34140	34110	0.0292825768667626	0.0878734622144179	76.8918644755529
NR21_16_03	33160	26342	26307	26320	26071	26007	25820	0.245483487399795	0.719037182297072	77.8648974668275
NR21_24_01	35357	27367	27312	27340	27103	27081	19704	0.0811718259971173	27.240500720062	55.72871001499
NR21_27_06	35521	27383	27358	27374	27131	27099	20378	0.117946260734954	24.801653197535	57.3688803806199
NR22_01_02	36128	20139	20075	20094	19267	19228	18693	0.202418643276076	2.78240066569586	51.7410318866253
NR22_22_02	21280	13557	13488	13509	10022	10018	9665	0.039912193175013	3.52365741665002	45.4182330827068
NR22_23_01	35426	26816	26741	26519	24064	24063	23779	0.00415558510637482	1.18023521589163	67.1230169931689
NR22_24_01	38076	29368	29335	29334	29020	28900	27429	0.413507925568567	5.08996539792388	72.0375039394894
NR23_17B_01	40025	30107	29980	30065	28568	28507	27441	0.213525623074773	3.73943242010735	68.5596502186134
NR23_18_01	40724	28008	27833	27883	24208	23953	22509	1.05337078651685	6.02847242516596	55.2720754346331
NR3_01_01	37534	26462	26394	26147	19508	19431	15472	0.394709862620473	20.3746590499717	41.2212926946235
NR3_14B_04	42627	34939	34516	34875	32763	32240	25491	1.59631291395782	20.9336228287841	59.8001266802731
NR3_20_01	39885	31303	31226	31269	30744	30697	30090	0.152875357793391	1.97739192754992	75.4418954494171
NR3_29_07	36724	26194	26131	26087	25542	25526	20713	0.0626419231070372	18.8552848076471	56.4018080819083
NR7_22_03	40174	28843	28732	28654	26785	26301	22159	1.80698151950719	15.7484506292536	55.157564594016
PM1_04A_01	35014	21674	21622	21611	20811	20721	18820	0.432463600980242	9.17426765117514	53.7499285999886
PM1_15_01	35413	24422	24402	24379	23742	23710	21505	0.134782242439556	9.29987347110924	60.7262869567673
PM1_15_04	33908	23263	23192	23152	21714	21689	18609	0.1151330938565	14.2007469224031	54.8808540757343
PM1_16_01	43769	30250	30146	30166	28634	28614	25804	0.0698470349933586	9.82036765219823	58.9549681281272
PM1_16_02	35467	23945	23869	23875	22094	21902	16265	0.869014212003265	25.7373755821386	45.8595313953816
PM1_19_01	39756	27232	27138	27175	20281	20224	19866	0.281051230215468	1.77017405063292	49.9698158768488
PM1_19_03	40288	26240	26214	26162	26073	26063	25763	0.0383538526445051	1.15105705406131	63.9470810166799
PM1_19_05	33290	22158	22143	22121	21624	21598	20584	0.120236773954858	4.69487915547737	61.8323820967257
PM1_22_02	34473	24916	24864	24824	17399	17390	11441	0.0517271107534896	34.2093156986774	33.1882922867171
PM1_27_02	39442	27717	27679	27653	20636	20582	18625	0.261678619887576	9.50830823049267	47.2212362456265
PM18_70_01	30079	18672	18641	18630	18369	18364	18149	0.0272197724427059	1.17076889566543	60.3377771867416
PM19_40_02	36390	28340	28331	28322	28040	28037	28009	0.0106990014265307	0.0998680315297662	76.968947513053
PM19_41_01	44817	35274	35263	35261	34996	34982	34982	0.0400045719510729	0	78.0552022669969
PM19_49_02	34854	26807	26787	26727	26338	26325	26305	0.0493583415597243	0.0759734093067408	75.4719687840707
PM19_49_04	112753	76829	76698	76793	53225	53100	47753	0.234852043212769	10.0696798493409	42.3518664691849
PM19_69_11	36105	28173	28150	27773	27517	27513	27481	0.0145364683650087	0.116308654090787	76.1141116188894
PM19_71_04	29855	23905	23898	23890	23620	23620	23581	0	0.165114309906855	78.9850946240161
PM2_52_01	36265	24092	24000	24067	19718	19692	18687	0.131859214930515	5.10359536867765	51.5290224734593
PM2_52_10	40565	27627	27616	27624	24611	24611	23997	0	2.49481938970379	59.1569086651054
PM2_52_16	32993	23328	23272	23276	22419	22371	20526	0.214104108122569	8.24728443073623	62.2131967387021
PM2_53_08	37583	23725	23342	23418	17832	17542	14225	1.62628981606102	18.9089043438604	37.8495596413272
PM2_54_01	37340	25247	25173	25159	23998	23950	21744	0.200016668055667	9.21085594989562	58.2324584895554
PM2_54_07	40539	28680	28612	28640	27142	27132	24692	0.036843268734799	8.99307091257555	60.909247884753
PM2_56_01	34624	17823	17761	17684	16472	16450	15020	0.133559980573096	8.69300911854103	43.380314232902
PM2_56_06	33382	24096	23967	23671	22497	22300	17916	0.875672311863809	19.6591928251121	53.6696423222096
PM2_60_01	36517	28519	28333	28383	27509	27441	26893	0.247191828128976	1.99701177070807	73.6451515732399
PM2_65_04	40442	28868	28660	28779	27719	27468	23358	0.905516072008368	14.9628658802971	57.7567874981455
PM2_70_02	35685	25855	25804	25762	19822	19756	13935	0.332963374028864	29.4644664911926	39.0500210172341
PM20_40_01	47111	37280	37262	36760	36176	36136	36072	0.110570544007075	0.177108700464913	76.5681051134555
PM20_52A_01	39891	24695	24627	24638	23999	23955	23776	0.18334097254052	0.74723439782926	59.6024165851947
PM20_53A_02	38186	29105	28930	28892	26827	26424	19610	1.50221791478734	25.7871631849834	51.3538993348348
PM20_55_01	33266	25028	25006	24978	24753	24718	14707	0.141397002383542	40.5008495832996	44.2103048157278
PM20_56_01	34759	27680	27537	27551	25569	25387	21231	0.711799444639993	16.3705833694411	61.080583446014
PM20_67_03	36651	21089	20978	21043	20687	20675	20565	0.0580074442886911	0.532043530834329	56.110338053532
PM20_69_01	41755	33072	33049	33041	32691	32681	32622	0.0305894588724698	0.180533031424986	78.1271703987546
PM20_70_01	38729	27695	27658	27565	26480	26455	24713	0.0944108761329403	6.58476658476658	63.810064809316
PM20_70_03	33612	14326	14300	14271	13989	13984	13942	0.0357423690042253	0.300343249427911	41.4792336070451
PM21_49_02	41807	30738	30722	30726	21877	21877	20887	0	4.52530054395027	49.9605329251082
PM21_65_03	36439	29508	29456	29457	29005	28756	28164	0.858472677124638	2.05870079287801	77.2908147863553
PM21_69_02	49784	38310	38280	38289	37977	37945	23532	0.0842615267135329	37.983924100672	47.2681986180299
PM21_70_03	33523	22633	22576	22588	19999	19979	19821	0.100005000250007	0.790830371890479	59.1265698177371
PM21_70_06	31536	19559	19483	19513	18747	18729	16930	0.0960153624579902	9.60542474237813	53.6846778285135
PM22_47_01	34326	27027	27011	26998	26698	26682	26658	0.0599295827402813	0.0899482797391471	77.6612480335606
PM22_53A_01	34772	27977	27884	27601	26986	26952	26521	0.125991254724667	1.59913921044821	76.2711376969976
PM23_55_01	49673	39941	39829	39824	37420	37168	35104	0.673436664885088	5.55316401205339	70.6701829967991
PM23_56_02	24107	9798	9711	9728	2881	2881	2820	0	2.11732037486983	11.6978470983532
PM23_71_01	36075	21822	21813	21797	20780	20750	15729	0.144369586140527	24.1975903614458	43.6008316008316
PM24_65_05	33606	24868	24692	24772	24248	24161	23722	0.35879247773012	1.81697777409875	70.5885853716598
PM24_70_05	35878	22109	22045	22073	20435	20391	20175	0.215316858331292	1.0592908636163	56.2322314510285
PM24_70_06	38510	21268	21145	21109	18543	18384	17297	0.857466429380366	5.91275021758051	44.9156063360166
PM24_70_08	38780	24486	24449	24393	21890	21825	21720	0.296939241662869	0.481099656357387	56.0082516761217
PM24_70_11	37333	26887	26754	26840	25064	24848	24585	0.861793807851896	1.05843528654218	65.8532665470227
PM25_70_06	38280	24520	24428	24446	14845	14808	14732	0.249242169080503	0.513236088600749	38.4848484848485
PM25_70_08	45026	29451	29138	29193	15439	15129	13084	2.007902066196	13.5170863903761	29.0587660462844
PM25_70_10	34100	23320	23296	23263	21424	21414	20717	0.0466766243465315	3.2548799850565	60.7536656891496
PM25_70_12	41878	28547	28296	28497	25018	24816	24026	0.807418658565823	3.18343004513217	57.3714121973351
PM25_70_13	37887	28899	28814	28839	24508	24333	19359	0.714052554267994	20.441375909259	51.0966822392905
PM25_70_14	33694	16448	16275	16330	5256	5233	4907	0.43759512937595	6.22969615899102	14.5634237549712
PM25_70_15	41226	28513	28476	28489	26968	26936	23866	0.118659151587067	11.3973863973864	57.8906515305875
PM3_52_03	37771	20179	20098	20119	17131	17104	15112	0.157609012900593	11.6463985032741	40.0095311217601
PM3_53_01	40980	30364	30241	30193	28661	28503	22623	0.551271763022925	20.6294074307968	55.2049780380674
PM3_53_02	39880	27995	27960	27567	26131	26125	23804	0.0229612337836187	8.8842105263158	59.6890672016048
PM3_53_06	41153	30217	30158	30158	28961	28887	26251	0.255516038810811	9.12521203309447	63.7887881806916
PM3_54_04	36440	24748	24702	24581	23575	23552	21529	0.0975609756097526	8.58950407608695	59.0806805708013
PM4_49_02	40287	29757	29575	29637	22391	22160	20285	1.03166450806127	8.46119133574007	50.3512299252861
PM4_54A_02	36799	27097	27071	27063	26780	26760	26604	0.0746825989544391	0.582959641255613	72.295442810946
PM4_62_01	38597	30059	29923	29917	25715	25452	16246	1.02274936807311	36.1700455759862	42.0913542503303
PM4_65_01	37697	28709	28663	28664	28289	28197	27053	0.325214747781814	4.05716920239742	71.7643313791548
PM4_65_02	40174	30554	30542	30550	30266	30266	30237	0	0.0958170884821214	75.2650968287947
PM4_71_01	37578	30165	30143	30153	28879	28858	22854	0.0727171993490003	20.8053226141798	60.8174996008303
PM5_65_06	36835	28787	28679	28656	27755	27681	27114	0.266618627274369	2.04833640403164	73.6093389439392
PM5_70_04	37928	29473	29425	29431	28981	28956	28870	0.0862634139608787	0.297002348390663	76.1179076144273
PM6_70_05	39455	30644	30547	30453	29804	29457	28191	1.16427325191249	4.29778999898157	71.4510201495374
PM6_70_07	38934	21803	21767	21759	20113	20107	20058	0.0298314522945304	0.243696225195194	51.517953459701
PM8_49_02	40700	34555	34539	34464	34409	34304	33810	0.305152721671647	1.44006529850746	83.0712530712531
PN01	27587	17540	17537	17515	14490	14490	14490	0	0	52.5247399137275
PN03	19156	8572	8567	8569	8566	8566	8566	0	0	44.717059929004
PN04	21423	1796	1795	1791	1791	1791	1791	0	0	8.36017364514774
SD10_08_01	38216	25360	24261	25323	6919	6894	5864	0.361323890735648	14.9405279953583	15.344358383923
SD17_39_01	37638	20374	20341	20316	16845	16845	16501	0	2.04214900563966	43.8413305701684
SD17_40_02	31102	12468	12447	12457	12412	12398	12294	0.112794070254594	0.838844974995965	39.5280046299273
SD17_40_03	47037	31490	31185	31433	16520	16263	13584	1.55569007263922	16.4729754657812	28.8793928184195
SD18_35_01	47559	31047	31007	30711	16864	16847	16602	0.100806451612897	1.45426485427672	34.9082192644925
SD18_35_02	13908	3428	3425	3420	1799	1799	1799	0	0	12.9350014380213
SD18_40_02	38098	26026	26008	26014	22870	22790	22683	0.349803235679929	0.46950416849495	59.538558454512
SD19_03_01	41025	30236	30205	30205	29855	29847	29812	0.0267961815441282	0.117264716721948	72.6678854357099
SD19_03_02	45170	35200	35138	35159	34743	34731	34533	0.034539331663936	0.570095879761595	76.4511844144344
SD19_22_01	36174	28699	28692	28695	28282	28282	28265	0	0.0601089031893025	78.1362304417538
SD19_24_01	39510	30438	30322	30352	29618	29604	29375	0.0472685529070134	0.773544115660044	74.3482662617059
SD19_35_02	41364	24246	24127	24108	16891	16696	14621	1.15446095553845	12.4281264973646	35.3471617831931
SD19_39_02	41535	22238	22215	22169	21917	21903	21881	0.0638773554774872	0.100442861708444	52.680871554111
SD19_39_03	37659	27129	27102	27104	26786	26775	26696	0.041066228626903	0.295051353874882	70.8887649698611
SD19_39_04	38136	13689	13663	13644	8082	8082	8082	0	0	21.1925739458779
SD20_03_01	42222	28852	28745	28756	21272	21164	17734	0.507709665287706	16.2067662067662	42.0018000094737
SD20_08_01	37684	23115	22971	23007	19232	19086	18382	0.759151414309486	3.68856753641413	48.7793227895128
SD20_24_03	35225	17113	17051	17059	16642	16629	16531	0.0781156111044368	0.589331890071563	46.9297374024131
SD20_24_04	36458	27223	26810	26942	22054	21803	15779	1.13811553459689	27.6292253359629	43.2799385594383
SD20_39_01	40315	24991	24950	24896	20327	20290	19524	0.182023909086439	3.7752587481518	48.4286245814213
SD20_39_02	68999	56375	56328	56302	55259	54758	51710	0.906639642411193	5.56630994557872	74.9431151176104
SD20_39_03	33898	26020	25934	25953	25104	25051	24838	0.211121733588271	0.850265458464733	73.2727594548351
SD20_39_04	35068	11815	11776	11742	4529	4525	4234	0.0883197173769048	6.43093922651934	12.0736854112011
SD20_39_05	41230	18750	18681	18664	13397	13337	9748	0.447861461521242	26.9100997225763	23.6429784137764
SD21_35_02	45316	26081	25661	25864	17732	17427	14364	1.72005413940897	17.5761749010157	31.6974137170094
SD21_39_03	34381	10285	10207	10210	3222	3216	2579	0.186219739292369	19.8072139303483	7.50123614787237
SD21_39_05	44250	34660	34641	34449	33697	33694	33669	0.00890286969166709	0.0741971864426887	76.0881355932203
SD22_19_02	44969	31783	31672	31667	30053	29783	29463	0.898412804046188	1.07443843803512	65.5184682781472
SD22_33A_01	34224	27450	27401	27338	26581	26518	26133	0.237011399119666	1.45184403046987	76.3586956521739
SD22_35_01	84043	74051	74042	74001	66493	66442	50713	0.0766998029867807	23.6732789500617	60.3417298287781
SD25_16_01	34834	12981	12785	12827	5655	5616	4674	0.689655172413794	16.7735042735043	13.4179250157892
SD25_16_02	34588	14485	14366	14372	6991	6960	5311	0.443427263624656	23.6925287356322	15.3550364288192
SD25_22_06	47411	16724	16652	16629	10206	10167	9621	0.382128159905932	5.3703157273532	20.2927590643522
SD25_33A_01	39800	23574	23530	23427	22587	22534	22114	0.234648248992784	1.86385018194729	55.5628140703518
SD27_35_01	30511	24066	23948	23920	22743	22316	16981	1.87750076946753	23.9066140885463	55.6553374192914
SD4_27_05	39380	31564	31539	31538	31075	31054	31049	0.0675784392598473	0.0161009853803051	78.8445911630269
SD4_40_05	33790	21346	21269	21282	20857	20818	20658	0.186987582106724	0.768565664328946	61.136430896715
SD6_27_01	35656	28981	28956	28958	28671	28558	20478	0.394126469254658	28.2932978499895	57.4321292349114
SD7_13_02	46196	33328	33130	33040	29805	29562	27766	0.81529944640161	6.0753670252351	60.1047709758421
SD7_26_02	43055	36311	36291	36273	36100	36017	35793	0.229916897506925	0.621928533747948	83.1332017187319
SD7_28_03	32546	21774	21724	21720	21605	21575	21374	0.138856746123579	0.931633835457703	65.6732010078043
SD7_28_04	40205	33081	33047	33012	32857	32806	32167	0.155218066165503	1.9478144241907	80.0074617584878
SD7_39_12	40948	12326	12218	12162	1090	1090	675	0	38.0733944954128	1.64843215785875
SD8_24_01	32946	15413	15385	15389	15156	15050	8947	0.699392979678009	40.5514950166113	27.1565592181145
SD8_31A_01	35560	26043	25883	25920	24755	24674	22330	0.327206624924258	9.49987841452541	62.7952755905512
SD8_36_17	36005	23465	23449	23435	337	337	259	0	23.1454005934718	0.719344535481183
SD8_36_21	34510	22827	22605	22741	20379	20098	17574	1.37887040580991	12.5584635287093	50.9243697478992
SD8_39_05	40093	14081	13953	13966	7004	6974	4839	0.428326670474007	30.613708058503	12.0694385553588
W1_11_01	35224	24180	23964	24054	22013	21905	19374	0.490619179575702	11.5544396256562	55.0022711787418
W1_19_01	35185	20006	19912	19878	15523	15354	14256	1.08870707981704	7.15123094958969	40.5172658803467
W1_29_01	38518	29011	28969	28819	13136	13112	12265	0.182704019488426	6.45973154362416	31.842255568825
W1_30_01	39463	28642	28630	28578	13203	13193	12771	0.0757403620389283	3.1986659592208	32.3619593036515
W10_05_03	33065	26518	26382	26463	24376	24338	23526	0.155891040367578	3.33634645410469	71.1507636473613
W10_16_02	34959	17269	17160	17188	16224	15985	14693	1.47312623274162	8.08257741632781	42.0292342458308
W15_18_01	36343	24057	23976	23753	20031	19914	18083	0.584094653287409	9.19453650698001	49.7564868062626
W16_22_01	43989	20071	19788	19986	3751	3748	3503	0.079978672354045	6.53681963713981	7.96335447498238
W17_18_01	36678	24213	24094	23893	13857	13698	9061	1.14743450963411	33.8516571762301	24.7041823436392
W19_10_01	40869	32199	32175	32176	31696	31696	31385	0	0.981196365471988	76.7941471530989
W19_17_01	39384	30557	30539	30539	30172	30169	30165	0.00994299350391259	0.0132586429778883	76.5920170627666
W19_17_03	37770	28716	28625	28713	28463	28463	28315	0	0.519973298668447	74.9669049510193
W19_17_04	33823	25172	25163	25160	24955	24955	24946	0	0.0360649168503357	73.7545457233244
W19_17_06	36433	27406	27370	27325	26748	26718	25650	0.112157918349027	3.99730518751403	70.4032058847748
W19_19_01	35681	27065	27054	27057	25969	25969	25680	0	1.11286533944318	71.9710770438048
W19_22A_01	43618	34347	34321	34325	33129	33090	33018	0.117721633614053	0.217588395285588	75.6981062863955
W19_23A_01	39397	29206	29133	28959	20158	20123	18462	0.173628336144461	8.25423644585797	46.8614361499607
W19_24_01	37831	26285	26025	26094	16700	16541	13835	0.952095808383234	16.3593494951938	36.5705373899712
W19_24_02	33031	23273	22974	23189	19265	19265	19235	0	0.155722813392174	58.2331748963095
W19_29_01	49882	38417	38376	38395	37995	37952	37646	0.113172785892885	0.806281618887013	75.4701094583216
W19_29_02	36946	29120	29113	29107	28779	28774	28697	0.0173737794919901	0.267602696879138	77.6728197910464
W19_29_03	41162	31256	31254	31247	30946	30918	30879	0.0904801913009834	0.126140112555788	75.018220688985
W19_30_01	43699	31536	31449	31444	22223	22179	19260	0.197993070242546	13.161098336264	44.0742351083549
W19_32_02	48268	35032	35017	35020	34616	34606	34597	0.0288883753177771	0.0260070508004304	71.6768873788017
W19_32_03	47312	35603	35583	35561	30355	30285	29586	0.230604513259763	2.30807330361566	62.5338180588434
W19_33_01	223359	175235	175045	175068	172685	172561	170197	0.0718070475142554	1.36995033640278	76.198854758483
W19_36_01	41148	32369	32316	32310	30609	30488	30112	0.395308569375018	1.23327210705851	73.1797414212112
W2_19_01	41951	26143	26118	26114	23429	23401	23340	0.119510008963246	0.260672620828174	55.6363376319992
W2_28_02	41611	30238	30223	30225	26274	26250	25368	0.0913450559488496	3.36	60.9646487707577
W2_33_01	35185	24204	23989	24044	21361	21131	19820	1.07672861757409	6.20415503289007	56.3308227938042
W20_05_03	42456	33336	33310	33096	32668	32665	32656	0.00918329864086331	0.0275524261441973	76.9172790653853
W20_05_05	44511	35355	35345	35145	34801	34792	34792	0.0258613258239677	0	78.1649479903844
W20_05_06	46954	35922	35890	35903	35439	35439	35411	0	0.0790090013826585	75.4163649529327
W20_05_08	38296	29101	29100	29017	28444	28444	28198	0	0.86485726339474	73.6317108836432
W20_05_11	51325	39889	39788	39827	39049	38880	38306	0.432789572076103	1.47633744855968	74.63419386264
W20_09_01	37704	29160	29105	29111	28629	28591	28485	0.132732543923993	0.370746038963304	75.549013367282
W20_09_04	55563	42643	42614	42608	41990	41951	41883	0.0928792569659436	0.162093871421419	75.3792991739107
W20_15_01	40706	31126	31104	31109	30783	30779	30779	0.0129941851021727	0	75.6129317545325
W20_15_02	38294	30114	30099	30087	29496	29491	29467	0.016951451044207	0.0813807602319372	76.94939154959
W20_15_04	42300	31050	30929	30992	24151	24002	21610	0.616951679019508	9.96583618031831	51.0874704491726
W20_17_01	36077	28789	28662	28693	27701	27552	25907	0.537886718891016	5.97052845528455	71.8102946475594
W20_18_01	49736	37711	37652	37592	36690	36349	31695	0.929408558190246	12.8036534705219	63.7264757921827
W20_18_02	31758	24975	24900	24904	23391	23116	15724	1.17566585438844	31.9778508392455	49.5119340008817
W20_29_01	39490	31210	31193	31193	30784	30747	30620	0.120192307692307	0.41304842748886	77.5386173714865
W20_29_04	32309	25697	25666	25643	25192	25171	25019	0.0833597967608739	0.603869532398392	77.4366275650747
W20_40_01	35166	27111	27104	26980	26540	26533	26523	0.026375282592312	0.0376889156898983	75.4222828868794
W21_01_03	35498	28657	28540	28492	24919	24861	18540	0.232754123359697	25.4253650295644	52.2282945518057
W21_01_04	46104	37794	37741	37723	35459	35300	34207	0.448405200372264	3.09631728045325	74.1952975880618
W21_05_05	39784	31318	31295	31304	31004	30970	30946	0.109663269255577	0.0774943493703546	77.7850392117434
W21_18_12	34074	25235	25067	25082	23622	23322	15938	1.27000254000508	31.6610925306578	46.7746669014498
W21_18_14	33651	14291	14246	14202	13238	13202	10670	0.271944402477715	19.1789122860173	31.7078244331521
W21_28_01	36232	27701	27280	27590	16930	16736	15774	1.14589486119316	5.7480879541109	43.5361006844778
W22_01_01	38831	31015	30963	30958	30045	29979	29843	0.219670494258622	0.453650888955607	76.8535448481883
W22_02_01	36303	27718	27693	27634	27106	27079	26548	0.0996089426695193	1.96092913327671	73.1289425116382
W22_05_06	31599	25342	25208	25250	23316	23200	22857	0.49751243781094	1.47844827586206	72.334567549606
W22_05_07	37677	26948	26924	26874	18693	18693	16673	0	10.806184133098	44.2524617140431
W22_16_01	38406	24826	24765	24724	23621	23403	22803	0.922907582236149	2.56377387514422	59.3735353850961
W22_24_01	33876	24605	24507	24554	23920	23850	23545	0.292642140468217	1.27882599580713	69.5034832920061
W22_24_02	868	664	659	659	654	654	654	0	0	75.3456221198157
W22_25_01	36030	28978	28869	28485	26717	26501	25177	0.808474005314963	4.99603788536281	69.8778795448238
W24_24_02	36035	28128	28004	27883	26527	26344	25854	0.689863158291544	1.86000607348922	71.7469127237408
W26_05_02	50824	32474	32451	32423	271	271	219	0	19.1881918819188	0.430898787974185
W5_12_02	38267	29588	29567	29528	29181	29147	28987	0.116514170179229	0.548941572031424	75.7493401625421
W5_13_01	38637	30196	30180	30172	29865	29855	29855	0.0334840113845587	0	77.2704920154256
W5_18_02	34003	26935	26903	26861	25956	25877	23215	0.304361226691313	10.2871275650191	68.2733876422669
W6_08_02	36581	28239	28122	28164	27726	27699	27468	0.0973815191516962	0.833965125094778	75.0881605204888
W6_11_03	38837	29064	29033	29008	28387	28356	27780	0.109204917744037	2.03131612357174	71.5297268069109
W6_13_03	31793	20594	20559	20526	8098	8087	7528	0.13583600889109	6.91232842834178	23.6781681502217
W6_24_01	41208	26494	26454	26470	25909	25712	24382	0.760353545100159	5.17268201617922	59.1681226946224
W6_36_07	38350	30692	30668	30642	28733	28624	24878	0.379354748894997	13.0869200670766	64.870925684485
W6_40_02	44971	32916	32801	32838	25177	25127	24690	0.198593954800018	1.73916504158873	54.9020479864802
W7_09_01	38866	27283	27229	27175	21174	21094	20806	0.37782185699443	1.36531715179672	53.5326506458087
W8_18_02	38078	18057	17931	17860	9216	9068	7409	1.60590277777779	18.2951036612263	19.4574294868428
W8_18_07	35915	11954	11928	11923	6681	6668	6368	0.194581649453667	4.49910017996402	17.7307531672003
W8_18_09	37882	15567	15497	15438	7468	7451	7091	0.227637921799683	4.83156623272045	18.7186526582546
W8_22A_01	38847	25662	25640	25591	101	101	80	0	20.7920792079208	0.205936108322393
W9_10_01	42871	33884	33772	33826	29339	29250	23893	0.303350489110059	18.3145299145299	55.7323132187259
W9_12_01	33822	21501	21400	21405	15216	14917	13098	1.96503680336488	12.1941409130522	38.7262728401632
W9_17_02	36026	23697	23637	23615	328	328	278	0	15.2439024390244	0.771664908677066
W9_17_03	37677	25721	25705	25701	6242	6221	4001	0.336430631207946	35.6855810962868	10.6192106590227
