reads.in	reads.out	percentage_retained
ED17_28_01_S160_R1_001.fastq.gz	50008	21139	42.2712366021437
ED19_10_08_S158_R1_001.fastq.gz	60668	39359	64.8760466802927
ED19_11_03_S155_R1_001.fastq.gz	52296	33189	63.4637448370812
ED19_33_01_S147_R1_001.fastq.gz	49016	30643	62.5163212012404
ED2_16_01_S182_R1_001.fastq.gz	56474	32288	57.1732124517477
ED20_10_15_S157_R1_001.fastq.gz	46967	25267	53.7973470734771
ED20_33_06_S149_R1_001.fastq.gz	60511	37817	62.4960750937846
ED20_33_07_S316_R1_001.fastq.gz	47899	28668	59.8509363452264
ED20_33_08_S333_R1_001.fastq.gz	48271	28834	59.733587454165
ED20_35_01_S161_R1_001.fastq.gz	71309	45792	64.2162980829909
ED21_05_02_S187_R1_001.fastq.gz	28387	14730	51.8899496248283
ED21_07_01_S172_R1_001.fastq.gz	40601	23071	56.8237235536071
ED21_09_01_S361_R1_001.fastq.gz	29426	19529	66.3664786243458
ED21_28A_01_S270_R1_001.fastq.gz	41327	26544	64.2291964091272
ED22_12_02_S350_R1_001.fastq.gz	43657	29951	68.6052637606798
ED5_10_06_S71_R1_001.fastq.gz	49545	28663	57.8524573619941
ED6_01_01_S167_R1_001.fastq.gz	65409	39844	60.9151645797979
ED6_02_02_S368_R1_001.fastq.gz	44335	26674	60.1646554640803
ED6_09_02_S70_R1_001.fastq.gz	45502	30446	66.9113445562832
ED6_10_01_S104_R1_001.fastq.gz	45732	32607	71.3001836788245
ED6_13_10_S234_R1_001.fastq.gz	48211	34115	70.7618593267097
ED6_13_14_S235_R1_001.fastq.gz	41895	29052	69.3447905477981
ED6_13_17_S98_R1_001.fastq.gz	57966	39576	68.2745057447469
ED6_13_24_S118_R1_001.fastq.gz	40039	29773	74.3599990009741
ED6_15_01_S200_R1_001.fastq.gz	45048	17037	37.8196590303676
ED6_19A_03_S309_R1_001.fastq.gz	48695	32065	65.8486497587021
ED6_22A_02_S186_R1_001.fastq.gz	54166	38725	71.4931876084629
ED6_22A_03_S111_R1_001.fastq.gz	58700	37957	64.6626916524702
ED6_22A_05_S301_R1_001.fastq.gz	35972	24403	67.8388746803069
ED6_28A_03_S261_R1_001.fastq.gz	39941	26043	65.2036754212463
ED6_28A_08_S272_R1_001.fastq.gz	41231	12993	31.5126967572943
ED6_31_07_S372_R1_001.fastq.gz	47025	16097	34.2307283359915
ED7_01_05_S280_R1_001.fastq.gz	53439	21549	40.3244821198001
ED7_06_04_S77_R1_001.fastq.gz	42202	24063	57.0186247097294
ED7_13_04_S53_R1_001.fastq.gz	44844	26521	59.1405762197841
ED7_13_07_S162_R1_001.fastq.gz	58717	40274	68.5900165199176
ED7_24A_01_S192_R1_001.fastq.gz	54681	37216	68.0602037270716
ED7_27A_02_S199_R1_001.fastq.gz	45063	30951	68.6838426203315
ED7_29_01_S236_R1_001.fastq.gz	58395	31896	54.6211148214744
ED7_31_02_S246_R1_001.fastq.gz	43038	27940	64.9193735768391
ED7_32_04_S252_R1_001.fastq.gz	46591	33680	72.2886394368011
ED8_01_04_S225_R1_001.fastq.gz	46277	32923	71.1433325410031
ED8_13_06_S178_R1_001.fastq.gz	66367	42630	64.233730619133
ED8_17_02_S122_R1_001.fastq.gz	54246	38809	71.5426022195185
ED8_19A_11_S62_R1_001.fastq.gz	47517	32530	68.4597091567229
ED8_22B_01_S96_R1_001.fastq.gz	46271	22363	48.3304877785222
ED8_22B_02_S347_R1_001.fastq.gz	46853	30809	65.7567284912386
ED8_26A_01_S379_R1_001.fastq.gz	52816	29861	56.5377915783096
ED8_28A_01_S383_R1_001.fastq.gz	48302	27204	56.3206492484783
ED8_32_02_S274_R1_001.fastq.gz	49879	34388	68.942841676858
ED9_19A_07_S356_R1_001.fastq.gz	37771	27026	71.552249079982
HR1_14_02_S351_R1_001.fastq.gz	29154	17556	60.2181518831035
HR1_14A_03_S183_R1_001.fastq.gz	45259	27055	59.7781656687068
HR1_23_03_S86_R1_001.fastq.gz	39843	22218	55.7638732023191
HR1_29_02_S308_R1_001.fastq.gz	50581	22236	43.9611711907633
HR1_34_01_S331_R1_001.fastq.gz	42237	24879	58.9033312025002
HR15_32_01_S254_R1_001.fastq.gz	155	17	10.9677419354839
HR15_36_01_S275_R1_001.fastq.gz	68152	41052	60.2359431858199
HR16_34_01_S285_R1_001.fastq.gz	44894	27034	60.2174009889963
HR17_07A_01_S115_R1_001.fastq.gz	45051	22172	49.2153337328805
HR18_01_03_S174_R1_001.fastq.gz	10081	8002	79.3770459279833
HR18_23_06_S110_R1_001.fastq.gz	55606	34979	62.9050821853757
HR18_24_04_S371_R1_001.fastq.gz	43726	27228	62.269587888213
HR18_32_07_S190_R1_001.fastq.gz	312	50	16.025641025641
HR18_32_10_S159_R1_001.fastq.gz	396	19	4.7979797979798
HR18_32_13_S132_R1_001.fastq.gz	44886	33794	75.2885086663993
HR18_32_15_S108_R1_001.fastq.gz	91	12	13.1868131868132
HR18_32_16_S100_R1_001.fastq.gz	42784	29428	68.782722513089
HR18_32_17_S180_R1_001.fastq.gz	166	18	10.8433734939759
HR18_32_18_S184_R1_001.fastq.gz	45194	30067	66.5287427534629
HR19_04_08_S185_R1_001.fastq.gz	75446	49051	65.0147125096095
HR19_04_10_S144_R1_001.fastq.gz	46904	28540	60.8476888964694
HR19_07_11_S43_R1_001.fastq.gz	46065	27531	59.7655486812113
HR19_23_02_S340_R1_001.fastq.gz	7913	5066	64.021230885884
HR19_25_03_S370_R1_001.fastq.gz	41872	27604	65.9247229652274
HR19_27_06_S4_R1_001.fastq.gz	48285	32242	66.774360567464
HR19_27_10_S322_R1_001.fastq.gz	42148	27882	66.1526051058176
HR19_31_04_S2_R1_001.fastq.gz	48860	31898	65.2844862873516
HR19_32_05_S344_R1_001.fastq.gz	39898	28756	72.0737881598075
HR19_32_08_S323_R1_001.fastq.gz	45702	32426	70.950943065949
HR19_32_09_S327_R1_001.fastq.gz	50877	36507	71.755410106728
HR19_32_12_S354_R1_001.fastq.gz	71370	66675	93.4216057166877
HR19_32_14_S353_R1_001.fastq.gz	9245	7064	76.4088696592753
HR19_32_15_S38_R1_001.fastq.gz	932	58	6.22317596566524
HR19_32_20_S341_R1_001.fastq.gz	41729	29922	71.7055285293201
HR19_34_01_S37_R1_001.fastq.gz	51514	34571	67.1099118686182
HR19_34_02_S47_R1_001.fastq.gz	41689	27468	65.8878840941256
HR19_34_03_S80_R1_001.fastq.gz	53650	24105	44.9301025163094
HR19_34_04_S51_R1_001.fastq.gz	63800	41183	64.5501567398119
HR19_34_05_S27_R1_001.fastq.gz	55645	37074	66.625932249079
HR19_34_06_S23_R1_001.fastq.gz	45174	29739	65.8321158188338
HR19_36_01_S375_R1_001.fastq.gz	44622	29305	65.6738828380619
HR20_04_04_S221_R1_001.fastq.gz	48140	30846	64.0756127960116
HR20_22_01_S339_R1_001.fastq.gz	55940	36612	65.4486950303897
HR20_33_05_S338_R1_001.fastq.gz	46887	31848	67.9250111971335
HR20_33_08_S42_R1_001.fastq.gz	55183	37166	67.3504521319972
HR20_33_10_S46_R1_001.fastq.gz	47147	31431	66.6659596580907
HR23_18_01_S330_R1_001.fastq.gz	46744	33849	72.4135717953106
HR24_18_13_S146_R1_001.fastq.gz	49793	31521	63.3040788865905
HR3_23_04_S22_R1_001.fastq.gz	42003	24476	58.2720281884627
HR3_32_07_S82_R1_001.fastq.gz	41865	29107	69.5258569210558
HR6_12C_03_S217_R1_001.fastq.gz	49628	32098	64.6771983557669
HR6_23_02_S271_R1_001.fastq.gz	30819	15469	50.1930627210487
HR6_24_01_S348_R1_001.fastq.gz	47863	34910	72.9373419969496
HR6_24_05_S88_R1_001.fastq.gz	31344	10181	32.4814956610516
HR6_28_02_S69_R1_001.fastq.gz	51159	34407	67.2550284407436
HR6_28_05_S119_R1_001.fastq.gz	61521	43275	70.3418344955381
HR6_36_01_S378_R1_001.fastq.gz	55839	40216	72.0213470871613
HR6_36_03_S381_R1_001.fastq.gz	33809	22329	66.0445443520956
HR6_36_03A_S66_R1_001.fastq.gz	49161	35157	71.5140050039666
HR7_04_02_S334_R1_001.fastq.gz	43576	28982	66.5090875711401
HR7_05A_01_S84_R1_001.fastq.gz	40157	21604	53.7988395547476
HR7_07A_06_S189_R1_001.fastq.gz	44913	30648	68.2385946162581
HR7_12C_04_S55_R1_001.fastq.gz	51579	32606	63.2156497799492
HR7_23_02_S114_R1_001.fastq.gz	49761	30226	60.7423484254738
HR7_28_01_S281_R1_001.fastq.gz	50784	34322	67.5842785129175
HR7_28_05_S299_R1_001.fastq.gz	35668	25536	71.5935852865314
HR7_31_01_S171_R1_001.fastq.gz	40481	25754	63.6199698624046
HR7_36_01_S99_R1_001.fastq.gz	52977	36326	68.5693791645431
HR8_07A_01_S278_R1_001.fastq.gz	47434	34342	72.3995446304339
HR8_07A_02_S92_R1_001.fastq.gz	52322	34274	65.5059057375482
HR8_23_01_S219_R1_001.fastq.gz	52701	33145	62.8925447334965
HR8_27_01_S194_R1_001.fastq.gz	46307	32374	69.9116764204116
HR8_27_04_S126_R1_001.fastq.gz	62534	45682	73.0514600057569
HR8_28_09_S317_R1_001.fastq.gz	45627	31953	70.0309027549477
HR8_33_01_S363_R1_001.fastq.gz	54965	39606	72.0567633948877
HR8_36_02_S257_R1_001.fastq.gz	39337	28264	71.8509291506724
HR8_36_07_S267_R1_001.fastq.gz	48378	36369	75.1767332258465
NR1_43_05_S168_R1_001.fastq.gz	46924	23503	50.0873753303214
NR14_09A_01_S72_R1_001.fastq.gz	43880	16309	37.1672743846855
NR16_43_01_S25_R1_001.fastq.gz	43357	22630	52.1945706575639
NR18_01_02_S36_R1_001.fastq.gz	55837	37791	67.6809284166413
NR18_01_04_S26_R1_001.fastq.gz	34304	23095	67.324510261194
NR18_07A_01_S302_R1_001.fastq.gz	52436	35742	68.1630940575177
NR18_16_03_S208_R1_001.fastq.gz	44737	23485	52.4956970740103
NR19_08_05_S151_R1_001.fastq.gz	62019	39941	64.4012318805527
NR20_01_06_S343_R1_001.fastq.gz	52990	35057	66.157765616154
NR20_01_14_S342_R1_001.fastq.gz	45978	31248	67.9629387968159
NR20_02_01_S325_R1_001.fastq.gz	47484	30412	64.0468368292477
NR20_02_02_S357_R1_001.fastq.gz	45095	28781	63.8230402483646
NR20_08_05_S201_R1_001.fastq.gz	44604	29874	66.9760559591068
NR20_19_02_S305_R1_001.fastq.gz	48005	29514	61.4810957191959
NR20_19_06_S173_R1_001.fastq.gz	36188	23509	64.9635238200509
NR20_24_03_S262_R1_001.fastq.gz	40335	24516	60.7809594644849
NR20_24_06_S49_R1_001.fastq.gz	50409	31971	63.4231982384098
NR20_25_04_S202_R1_001.fastq.gz	51040	33226	65.0979623824451
NR20_29_09_S238_R1_001.fastq.gz	46264	30021	64.8906277018848
NR21_19_01_S205_R1_001.fastq.gz	45725	30589	66.8977583378896
NR21_29_01_S376_R1_001.fastq.gz	47690	30830	64.6466764520864
NR21_44_02_S34_R1_001.fastq.gz	53490	35783	66.8966161899421
NR22_22_01_S240_R1_001.fastq.gz	41390	15773	38.1082387050012
NR22_29_04_S239_R1_001.fastq.gz	48825	31573	64.6656426011265
NR23_22_01_S145_R1_001.fastq.gz	57979	36449	62.865865227065
NR23_25_01_S35_R1_001.fastq.gz	58074	38097	65.6007852050832
NR25_29_01_S30_R1_001.fastq.gz	48099	29297	60.909790224329
NR3_16_08_S56_R1_001.fastq.gz	48297	19249	39.8554775658944
NR3_24_01_S61_R1_001.fastq.gz	43925	25884	58.9277177006261
NR3_29_06_S218_R1_001.fastq.gz	44684	26892	60.1826157013696
NR3_32_02_S307_R1_001.fastq.gz	51739	31543	60.9656158797039
NR3_43_02_S255_R1_001.fastq.gz	45961	21871	47.5859968233937
NR3_43_07_S369_R1_001.fastq.gz	12953	5317	41.048405774724
NR6_01_02_S229_R1_001.fastq.gz	46285	29511	63.7593172734147
NR6_08A_01_S373_R1_001.fastq.gz	46339	28832	62.2197285224109
NR6_22_01_S195_R1_001.fastq.gz	44893	17322	38.5850800792997
NR6_22_02_S103_R1_001.fastq.gz	60477	34878	57.6715114837045
NR6_24_01_S109_R1_001.fastq.gz	51082	28815	56.4093026897929
NR6_25_02_S93_R1_001.fastq.gz	40648	25216	62.0350324739225
NR6_25_03_S318_R1_001.fastq.gz	56560	37919	67.0420792079208
NR6_43_01_S321_R1_001.fastq.gz	47738	25711	53.858561313838
NR6_43_02_S265_R1_001.fastq.gz	32534	19683	60.4997848404746
NR6_43_03_S268_R1_001.fastq.gz	50368	21351	42.3900095298602
NR7_04A_03_S101_R1_001.fastq.gz	47394	24259	51.1858041102249
NR7_07A_01_S196_R1_001.fastq.gz	49509	35450	71.6031428629138
NR7_08A_01_S273_R1_001.fastq.gz	41409	26203	63.278514332633
NR7_08A_10_S130_R1_001.fastq.gz	81186	56457	69.5403148326066
NR7_14A_02_S91_R1_001.fastq.gz	44029	31097	70.6284494310568
NR7_27_02_S282_R1_001.fastq.gz	44106	27073	61.3816714279236
NR7_27_03_S293_R1_001.fastq.gz	49161	29076	59.1444437664002
NR7_27_06_S237_R1_001.fastq.gz	44997	27568	61.2663066426651
NR7_29_05_S198_R1_001.fastq.gz	47937	32573	67.9496005173457
NR7_29_06_S90_R1_001.fastq.gz	67767	47811	70.5520386028598
NR8_05A_02_S291_R1_001.fastq.gz	51348	34585	67.3541325854951
NR8_06_02_S304_R1_001.fastq.gz	52467	28872	55.0288752930413
NR8_06A_01_S298_R1_001.fastq.gz	41887	29331	70.0241124931363
NR8_09_02_S197_R1_001.fastq.gz	43859	30647	69.8761941676737
NR8_09_03_S292_R1_001.fastq.gz	52181	35467	67.9691841858148
NR8_10_01_S277_R1_001.fastq.gz	48997	26723	54.5400738820744
NR8_10_03_S232_R1_001.fastq.gz	38138	11214	29.4037442970266
NR8_19_01_S290_R1_001.fastq.gz	55452	31347	56.5299718675611
NR8_20_03_S297_R1_001.fastq.gz	49487	32280	65.2292521268212
PM1_15_03_S165_R1_001.fastq.gz	16591	8199	49.4183593514556
PM12_52_01_S248_R1_001.fastq.gz	42654	10484	24.5791719416702
PM14_54A_01_S264_R1_001.fastq.gz	46071	14826	32.1807644722276
PM15_44_01_S366_R1_001.fastq.gz	47218	24898	52.7298911432081
PM17_49_01_S29_R1_001.fastq.gz	51579	26069	50.5418872021559
PM17_49_02_S105_R1_001.fastq.gz	54736	24171	44.1592370651856
PM17_72A_01_S203_R1_001.fastq.gz	42980	23709	55.1628664495114
PM18_49_01_S204_R1_001.fastq.gz	46594	25040	53.7408249989269
PM19_47_01_S175_R1_001.fastq.gz	55102	36533	66.3006787412435
PM19_52_01_S12_R1_001.fastq.gz	41768	26678	63.8718636276575
PM19_68_01_S8_R1_001.fastq.gz	61337	25649	41.8165218383684
PM19_70_01_S352_R1_001.fastq.gz	57505	34100	59.2991913746631
PM19_70_02_S14_R1_001.fastq.gz	44199	27339	61.8543405959411
PM19_71_01_S41_R1_001.fastq.gz	44225	29833	67.4573205200678
PM19_71_02_S44_R1_001.fastq.gz	415	22	5.30120481927711
PM19_71_03_S33_R1_001.fastq.gz	45420	30736	67.6706296785557
PM2_47_01_S128_R1_001.fastq.gz	64869	38965	60.0672123818773
PM2_51_05_S148_R1_001.fastq.gz	42588	21158	49.6806612191228
PM2_51_09_S116_R1_001.fastq.gz	48812	25992	53.2492010161436
PM2_61_03_S170_R1_001.fastq.gz	79712	49205	61.7284725010036
PM20_55_03_S143_R1_001.fastq.gz	86056	56573	65.7397508599052
PM21_69_01_S253_R1_001.fastq.gz	47834	31456	65.7607559476523
PM22_67_04_S156_R1_001.fastq.gz	50047	33234	66.4055787559694
PM25_70_01_S150_R1_001.fastq.gz	66775	34933	52.3144889554474
PM5_55_03_S67_R1_001.fastq.gz	36811	24019	65.2495178071772
PM5_65_04_S374_R1_001.fastq.gz	64968	43150	66.417313138776
PM5_70_01_S59_R1_001.fastq.gz	34692	21012	60.5672777585611
PM6_44_01_S242_R1_001.fastq.gz	46138	29769	64.5216524340023
PM6_46_01_S169_R1_001.fastq.gz	93606	58974	63.0023716428434
PM6_46_02_S249_R1_001.fastq.gz	35323	22671	64.1819777482094
PM6_46_04_S294_R1_001.fastq.gz	51579	34131	66.1722794160414
PM6_46_05_S191_R1_001.fastq.gz	48143	29789	61.8760775190578
PM6_47_01_S303_R1_001.fastq.gz	46379	26300	56.7066991526337
PM6_54A_01_S222_R1_001.fastq.gz	46391	31668	68.2632407147938
PM6_55_02_S176_R1_001.fastq.gz	56799	31797	55.9816193947076
PM6_61_01_S216_R1_001.fastq.gz	45598	8212	18.009561822887
PM6_62_02_S215_R1_001.fastq.gz	47308	32669	69.0559736196838
PM6_63_01_S210_R1_001.fastq.gz	49183	34281	69.7009129170648
PM6_63_03_S276_R1_001.fastq.gz	52701	38855	73.7272537523007
PM6_70_02_S68_R1_001.fastq.gz	44038	30290	68.7815068804214
PM6_70_08_S310_R1_001.fastq.gz	56174	32222	57.3610567166305
PM6_70_09_S306_R1_001.fastq.gz	49336	30970	62.7736338576293
PM7_46_02_S312_R1_001.fastq.gz	54431	32407	59.5377634068821
PM7_48_02_S220_R1_001.fastq.gz	60960	39240	64.3700787401575
PM7_55_01_S243_R1_001.fastq.gz	46112	30902	67.015093684941
PM7_71_01_S367_R1_001.fastq.gz	43439	31659	72.8815120053408
PM7_71_03_S211_R1_001.fastq.gz	51373	35409	68.9253109610106
PM8_43_01_S319_R1_001.fastq.gz	56169	32073	57.1008919510762
PM8_46_01_S345_R1_001.fastq.gz	25866	16010	61.8959251527101
PM8_46_02_S139_R1_001.fastq.gz	46107	28232	61.2314832888715
PM8_51A_01_S138_R1_001.fastq.gz	41217	27065	65.6646529344688
PM8_52A_01_S137_R1_001.fastq.gz	50761	34338	67.6464214652982
PM8_53_01_S259_R1_001.fastq.gz	42355	29246	69.0496989729666
PM8_53_02_S154_R1_001.fastq.gz	49208	36309	73.7867826369696
PM8_59_01_S296_R1_001.fastq.gz	46714	30037	64.2997816500407
PM8_62_02_S133_R1_001.fastq.gz	52161	33644	64.5002971568797
PM8_64_02_S188_R1_001.fastq.gz	37769	26681	70.6425904842596
PM8_72A_01_S346_R1_001.fastq.gz	41925	29956	71.4514013118664
PN09_S1_R1_001.fastq.gz	1961	360	18.3579806221316
PN10_S97_R1_001.fastq.gz	47397	25227	53.2248876511172
PN11_S193_R1_001.fastq.gz	19393	10451	53.8905790749239
PN12_S289_R1_001.fastq.gz	15133	4277	28.2627370646931
SD10_13_01_S324_R1_001.fastq.gz	43163	28672	66.4272640919306
SD10_39_02_S355_R1_001.fastq.gz	40770	16356	40.1177336276674
SD18_27_02_S349_R1_001.fastq.gz	43818	22153	50.5568487836049
SD18_39_15_S362_R1_001.fastq.gz	48213	24273	50.3453425424678
SD21_31A_01_S135_R1_001.fastq.gz	69576	48129	69.17471541911
SD21_39_07_S241_R1_001.fastq.gz	49055	32949	67.1674650902049
SD22_03_02_S125_R1_001.fastq.gz	47427	30405	64.1090518059333
SD23_50_01_S124_R1_001.fastq.gz	43952	28286	64.356570804514
SD24_27_01_S326_R1_001.fastq.gz	47678	31649	66.3807206678132
SD24_39_01_S314_R1_001.fastq.gz	8382	5617	67.0126461465044
SD26_40_06_S207_R1_001.fastq.gz	44447	21937	49.3554120638063
SD3_39_05_S120_R1_001.fastq.gz	46668	23388	50.1157109796863
SD3_40_02_S152_R1_001.fastq.gz	52088	25722	49.3818153893411
SD6_03_10_S212_R1_001.fastq.gz	52801	34892	66.0820817787542
SD6_24_02_S266_R1_001.fastq.gz	47715	31779	66.6016975793775
SD6_26_11_S131_R1_001.fastq.gz	53096	38493	72.496986590327
SD6_26_15_S250_R1_001.fastq.gz	45095	31941	70.8304690098681
SD6_36_10_S106_R1_001.fastq.gz	44530	28768	64.6036379968561
SD6_36_12_S223_R1_001.fastq.gz	47815	33483	70.0261424239255
SD6_37_07_S231_R1_001.fastq.gz	50101	34005	67.8728967485679
SD6_37_09_S228_R1_001.fastq.gz	50022	31970	63.9118787733397
SD6_37_11_S214_R1_001.fastq.gz	50192	32869	65.4865317182021
SD6_40_01_S258_R1_001.fastq.gz	39908	22877	57.3243459957903
SD7_03_02_S320_R1_001.fastq.gz	54130	36456	67.3489746905598
SD7_24_02_S260_R1_001.fastq.gz	43218	30204	69.8875468554769
SD7_26_05_S365_R1_001.fastq.gz	35808	25748	71.9057193923146
SD7_28_02_S311_R1_001.fastq.gz	47049	29230	62.1267189525813
SD7_33A_01_S295_R1_001.fastq.gz	42494	28775	67.7154421800725
SD7_37_08_S244_R1_001.fastq.gz	59115	41368	69.9788547745919
SD7_39_06_S230_R1_001.fastq.gz	39592	6517	16.460396039604
SD7_39_15_S227_R1_001.fastq.gz	45309	20777	45.8562316537553
SD7_40_04_S127_R1_001.fastq.gz	51621	30866	59.7934948954883
SD8_24_04_S213_R1_001.fastq.gz	48495	30984	63.8911227961646
SD8_24_05_S328_R1_001.fastq.gz	43566	27297	62.6566588624156
SD8_26_02_S284_R1_001.fastq.gz	38670	27652	71.5076286527024
SD8_29_04_S286_R1_001.fastq.gz	44814	28755	64.1652162270719
SD8_29_09_S102_R1_001.fastq.gz	53586	33384	62.2998544395924
SD8_36_16_S287_R1_001.fastq.gz	44408	29627	66.7154566744731
SD8_39_03_S52_R1_001.fastq.gz	51939	31293	60.2495234794663
SD8_40_04_S313_R1_001.fastq.gz	43379	22517	51.9076050623574
SD8_40_06_S288_R1_001.fastq.gz	41454	11280	27.2108843537415
SD8_40_09_S209_R1_001.fastq.gz	48976	23264	47.5008167265599
SD9_09_05_S206_R1_001.fastq.gz	43931	17050	38.8108624889031
SD9_09_06_S359_R1_001.fastq.gz	48407	22325	46.1193629020596
SD9_28_02_S360_R1_001.fastq.gz	46544	32464	69.7490546579581
SD9_39_03_S358_R1_001.fastq.gz	46109	11981	25.9840811988983
W10_05_02_S136_R1_001.fastq.gz	51258	27991	54.6080611806937
W10_18_02_S83_R1_001.fastq.gz	42435	27126	63.9236479321315
W10_18_03_S336_R1_001.fastq.gz	53304	37039	69.4863424883686
W10_23A_01_S81_R1_001.fastq.gz	37695	20624	54.7128266348322
W10_31_01_S95_R1_001.fastq.gz	39480	22290	56.4589665653495
W13_18_01_S283_R1_001.fastq.gz	48318	28841	59.6899706113664
W13_18_03_S245_R1_001.fastq.gz	49101	13452	27.3965907008004
W13_36_01_S382_R1_001.fastq.gz	48057	29178	60.7154004619514
W14_12_01_S17_R1_001.fastq.gz	38838	23657	60.9119934085174
W14_20_02_S247_R1_001.fastq.gz	45775	27391	59.8383397050792
W14_29_03_S377_R1_001.fastq.gz	52224	30561	58.5190716911765
W14_30_01_S384_R1_001.fastq.gz	41111	24459	59.4950256622315
W14_30_02_S380_R1_001.fastq.gz	41276	24027	58.2105824207772
W14_32_01_S364_R1_001.fastq.gz	40277	23705	58.8549296124339
W14_32_02_S269_R1_001.fastq.gz	47226	27607	58.4572057764791
W15_28_01_S28_R1_001.fastq.gz	42726	25827	60.4479707906193
W18_08_02_S20_R1_001.fastq.gz	46456	31229	67.2227484070949
W18_08_04_S5_R1_001.fastq.gz	38836	25209	64.9114223915954
W18_17_01_S256_R1_001.fastq.gz	47728	21210	44.4393228293664
W18_29_04_S32_R1_001.fastq.gz	52025	25965	49.9086977414704
W18_29_05_S24_R1_001.fastq.gz	3610	28	0.775623268698061
W19_10_03_S224_R1_001.fastq.gz	44124	18192	41.22926298613
W19_13_02_S9_R1_001.fastq.gz	43693	27871	63.7882498340695
W19_17_02_S7_R1_001.fastq.gz	61992	40200	64.847077042199
W19_22A_02_S166_R1_001.fastq.gz	79062	44224	55.9358478156384
W19_24_01_S107_R1_001.fastq.gz	48561	20390	41.9884269269578
W19_33_02_S335_R1_001.fastq.gz	52572	35273	67.0946511450963
W20_09_06_S329_R1_001.fastq.gz	49692	32292	64.9843033083796
W20_14_01_S279_R1_001.fastq.gz	51669	33326	64.4990226247847
W20_18_04_S54_R1_001.fastq.gz	49320	30053	60.9347120843471
W20_18_07_S21_R1_001.fastq.gz	42693	27512	64.4414775255897
W21_01_07_S315_R1_001.fastq.gz	38117	26715	70.0868378938531
W21_05_06_S300_R1_001.fastq.gz	6654	4326	65.0135256988278
W21_13_02_S57_R1_001.fastq.gz	40081	26141	65.2204286320202
W21_18_08_S177_R1_001.fastq.gz	76111	48364	63.5440343708531
W22_05_10_S332_R1_001.fastq.gz	39499	21641	54.7887288285779
W22_05_12_S45_R1_001.fastq.gz	46606	31219	66.9849375616873
W22_09_01_S263_R1_001.fastq.gz	43477	27365	62.9413252984337
W22_15_02_S16_R1_001.fastq.gz	30419	7621	25.0534205595187
W22_17_01_S251_R1_001.fastq.gz	45512	26768	58.8152575145017
W22_33_01_S50_R1_001.fastq.gz	56592	34063	60.1904862878145
W23_01_01_S18_R1_001.fastq.gz	42109	29093	69.0897432852834
W23_12_01_S337_R1_001.fastq.gz	47560	26628	55.9882253994954
W23_18_02_S58_R1_001.fastq.gz	41741	23713	56.8098512254139
W23_35_02_S226_R1_001.fastq.gz	48071	29714	61.8127353289925
W26_05_03_S63_R1_001.fastq.gz	45582	23718	52.0336975121759
W3_25_01_S15_R1_001.fastq.gz	36055	22311	61.8804604077104
W4_21_01_S13_R1_001.fastq.gz	37910	24465	64.5344236349248
W4_31_01_S31_R1_001.fastq.gz	46458	30078	64.74234792716
W4_36_02_S48_R1_001.fastq.gz	42793	19271	45.0330661556797
W6_13_04_S94_R1_001.fastq.gz	43600	25777	59.1215596330275
W6_17_02_S39_R1_001.fastq.gz	49356	32459	65.7650538941568
W6_18_02_S40_R1_001.fastq.gz	51308	20695	40.3348405706712
W6_18_03_S6_R1_001.fastq.gz	49828	32198	64.6182869069599
W6_18_05_S10_R1_001.fastq.gz	42341	24390	57.6037410547696
W7_08_02_S73_R1_001.fastq.gz	48890	31005	63.4178768664349
W7_12_01_S64_R1_001.fastq.gz	42156	16582	39.3348515039378
W7_16_01_S75_R1_001.fastq.gz	44035	26034	59.1211536277961
W7_18_02_S60_R1_001.fastq.gz	40227	23094	57.4092027742561
W7_24_01_S76_R1_001.fastq.gz	49930	28660	57.4003605047066
W7_24_04_S134_R1_001.fastq.gz	75548	42868	56.7427330968391
W7_25_01_S233_R1_001.fastq.gz	31328	16068	51.2895812053115
W7_32_01_S74_R1_001.fastq.gz	56667	36195	63.8731536873313
W7_35_01_S89_R1_001.fastq.gz	39351	26231	66.6590429722243
W8_01_01_S3_R1_001.fastq.gz	50433	29311	58.1186921261872
W8_01_03_S85_R1_001.fastq.gz	33182	22396	67.4944246880839
W8_08_01_S121_R1_001.fastq.gz	73924	48718	65.9028191115199
W8_09_01_S11_R1_001.fastq.gz	34300	22252	64.8746355685131
W8_11_01_S179_R1_001.fastq.gz	34526	21382	61.9301396049354
W8_11_02_S87_R1_001.fastq.gz	40301	24045	59.6635319222848
W8_16_02_S112_R1_001.fastq.gz	39102	18017	46.0769270114061
W8_17_03_S78_R1_001.fastq.gz	36410	19218	52.7822026915682
W8_25_04_S79_R1_001.fastq.gz	40807	25101	61.5115053789791
W8_33_01_S181_R1_001.fastq.gz	41168	19337	46.9709483093665
W8_35_02_S141_R1_001.fastq.gz	18306	9267	50.6227466404458
W9_01_02_S163_R1_001.fastq.gz	37888	26156	69.0350506756757
W9_08_02_S113_R1_001.fastq.gz	69153	45197	65.3579743467384
W9_10_04_S123_R1_001.fastq.gz	61991	37512	60.5120098078753
W9_11_04_S142_R1_001.fastq.gz	109478	71584	65.3866530261788
W9_12_03_S129_R1_001.fastq.gz	57432	31123	54.1910433207968
W9_19_02_S117_R1_001.fastq.gz	52414	27419	52.3123592933186
W9_20_02_S19_R1_001.fastq.gz	787	65	8.25921219822109
W9_33_01_S164_R1_001.fastq.gz	44330	23697	53.4558989397699
W9_33_02_S65_R1_001.fastq.gz	39982	24412	61.0574758641389
W9_36_01_S153_R1_001.fastq.gz	70389	36126	51.3233601841197
W9_40_01_S140_R1_001.fastq.gz	63863	43229	67.6902118597623
